20174
10053
22112
67337
55225
34124
22112
41855
30644
20433
10322
87997
66775
44554
14139
13137
12125
01013
35809
34607
23505
12303
29327
17215
15114
03102
56569
45457
34335
93601
73501
52401
31200
77129
66117
44115
33003
14361
13251
02231
01120
41503
31403
21302
10201
35021
24021
13010
12010
62263
52153
41142
21021
56681
45571
33450
22230
83833
72723
52512
31311
20076
10054
10043
04593
03473
02352
01231
41736
31524
20423
10212
78978
66766
45544
62496
41374
31253
20132
99538
77426
55324
33213
83055
62044
42033
31022
10298
10276
10154
00133
57440
45330
34220
