20174
10053
22112
11001
67337
55225
34124
22112
11001
41855
30644
20433
10322
00111
87997
66775
44554
33332
11111
14139
13137
12125
01013
00001
35809
34607
23505
12303
01101
29327
17215
15114
03102
01001
56569
45457
34335
22223
11111
93601
73501
52401
31200
10100
77129
66117
44115
33003
11001
14361
13251
02231
01120
00010
41503
31403
21302
10201
00100
35021
24021
13010
12010
01000
62263
52153
41142
21021
10010
56681
45571
33450
22230
11110
83833
72723
52512
31311
10100
20076
10054
10043
00022
00011
04593
03473
02352
01231
00110
41736
31524
20423
10212
00101
78978
66766
45544
33333
11111
62496
41374
31253
20132
10011
99538
77426
55324
33213
11101
83055
62044
42033
31022
10011
10298
10276
10154
00133
00011
57440
45330
34220
22110
11000
31968
21746
20534
10323
00111
78100
56000
44000
23000
11000
05242
04232
03121
02111
01000
99760
77650
55430
33320
11110
26902
24702
13501
12301
01100
10420
00320
00210
00110
00000
47662
35552
24341
12221
01110
84804
63603
52402
31301
10100
68222
56222
44111
23111
11000
05474
04353
03242
02121
01010
32617
31505
21304
10202
00101
26134
14123
13012
02011
01000
52376
42255
31244
21122
10011
46894
35673
24452
12331
01110
73036
63025
42024
31012
10001
10179
10167
00145
00033
00011
94696
73575
52454
31232
10111
31839
21637
21525
10313
00101
68071
57061
45040
23030
11010
52599
42477
31355
21233
10111
89741
77531
55420
33210
11100
73169
53147
42135
21023
10011
00301
00301
00200
00100
00000
47543
36432
24322
13211
01100
21061
21051
10030
10020
00010
68203
56102
35102
23001
11000
05445
04334
03223
02112
01001
89863
67752
55542
33321
11110
16005
15004
13003
02002
01001
00523
00422
00312
00211
00100
37775
35554
24443
12222
01111
74917
63716
42504
31303
10101
58435
46324
35213
23112
11001
95677
74456
53344
32223
11111
32710
21610
11400
10300
00100
16237
15226
03124
02113
01001
43470
32360
21240
11130
00010
37997
25776
24554
12333
01111
64130
53030
42020
21010
10000
01382
00261
00141
00130
00010
85709
74607
53405
32303
11101
22942
11731
11521
00310
00100
69184
47163
35052
23031
11010
43602
32501
21301
11200
00100
80844
60633
40422
30311
10100
64362
53251
32131
21120
10010
91404
70303
50202
30101
10000
37646
26535
24423
13212
01101
11164
11153
11042
00021
00010
58316
47205
35203
23102
11001
95558
74447
53335
32223
11111
79076
57055
45043
23022
11011
16218
05117
04105
02003
01001
90636
70525
50423
30212
10101
37878
26666
14545
13333
01111
64010
53010
32010
21000
10000
48538
37426
25325
13213
01101
85770
64560
53440
32230
11110
22913
12712
11511
01301
00100
06340
05330
03220
02110
01000
43583
32462
22341
11231
00110
27000
16000
14000
03000
01000
64243
43132
32121
21011
10000
91485
71364
50253
30132
10011
75903
64702
43501
32301
11100
12045
11034
01023
00012
00001
59287
47276
35154
23133
11011
33705
22604
22403
11302
00101
70947
50735
40524
20312
10101
54465
43354
32243
21122
10011
91617
71405
50304
30202
10101
28859
26647
14435
13323
01111
12277
01255
01144
00122
00011
49419
37317
25205
13103
01001
86651
64541
43331
32220
11110
60179
50167
30045
20033
10011
07311
05211
04111
02100
01000
81839
60637
50425
30313
10101
28971
16761
14541
03330
01110
55124
44113
33112
22001
11000
49641
37531
25321
13210
01100
76883
64663
43542
32331
11110
12026
02014
01013
01002
00001
96543
75433
54322
32211
11100
33686
23564
12453
11232
00111
17103
16103
04102
03001
01000
54346
43234
32223
21112
10001
81588
61476
51355
30233
10111
75006
54004
43003
22002
11001
02258
02146
01135
01023
00011
49390
37370
25250
13130
01010
23818
23706
12504
11303
00101
60050
40040
30030
20020
10010
44578
33456
22344
11223
00111
81710
61510
40400
30200
10100
18952
16742
15531
03321
01110
02470
02360
01240
01130
00010
39512
27412
25311
13201
01100
76764
55643
43432
22321
11110
50282
40262
30141
20131
10010
97424
75313
54212
32101
11000
71942
61732
40521
30311
10100
18184
06063
05052
03031
01010
45227
34225
23114
12112
01001
39744
27633
15422
13311
01100
66987
55765
43554
22332
11111
03129
02127
01015
01013
00001
87647
65535
54324
32212
11101
24889
13677
12455
01333
00111
08316
06205
04104
03102
01001
45459
34347
23235
12123
01011
72691
61571
41450
30230
10110
66119
44117
33005
22003
11001
93351
72241
51230
31120
10010
30593
20472
20352
10231
00110
14011
13011
12000
01000
00000
51153
40142
30132
20021
10010
35671
24561
23440
12230
01110
71813
51612
41512
20301
10100
08065
07044
05033
03022
01011
92583
72462
51342
31231
10110
29725
27514
15413
13202
01101
66868
55756
34534
22323
11111
40385
30364
20253
10132
00011
87527
66426
54314
33213
11101
61045
51034
41023
20012
10001
08287
07176
05154
03033
01011
35420
34320
23210
12110
01000
29847
17736
15524
03313
01101
56090
45070
33050
22030
11010
93232
72221
52111
31110
10000
77750
66640
44430
33320
11110
14992
13771
02551
01330
00110
98410
76310
55200
33100
11000
35652
24441
13331
12220
01110
62794
51673
41452
20331
10110
56212
45211
33111
22100
11000
83454
72343
52232
31121
10010
20606
10505
10304
00202
00101
04124
03113
02012
01001
00000
41366
31245
20134
10122
00011
25784
24663
13442
12331
01110
62926
51715
31513
20302
10101
99168
77157
55035
33023
11011
83686
62565
41353
31232
10111
10828
10627
10415
00313
00101
57061
45050
34040
22020
11010
31488
30377
20255
10133
00011
78631
56520
44410
23210
11100
52158
41147
31135
20023
10011
99391
77270
55250
33130
11010
26533
24422
13311
12211
01100
10050
10040
00030
00020
00010
46293
35172
24151
12031
01010
83335
63324
52223
31112
10001
67853
56642
44531
23321
11110
04095
03074
02053
01032
00011
88513
77412
55311
33201
11100
25755
14544
13433
02222
01111
62907
42706
31504
21303
10101
46325
35314
24213
12102
01001
73567
63456
42334
31223
10111
10709
10607
00405
00303
00101
94227
73116
52114
31003
10001
31469
21357
20235
10123
00011
15987
14765
13554
02332
01111
52029
42027
31015
21013
10001
99261
77251
55141
33120
11010
73789
52677
42455
21333
10111
00931
00721
00511
00310
00100
47174
35153
24042
12021
01010
21691
21471
10351
10230
00110
68834
56623
35422
23311
11100
42251
31241
21131
10120
00010
89494
67373
55252
33131
11010
